PrawnMoveDown00001,2400,2746,230,250
PrawnMoveDown00002,720,3266,230,250
PrawnMoveDown00003,2640,2746,230,250
PrawnMoveDown00004,2880,2746,230,250
PrawnMoveDown00005,0,3006,230,250
PrawnMoveDown00006,240,3006,230,250
PrawnMoveDown00007,480,3006,230,250
PrawnMoveDown00008,720,3006,230,250
PrawnMoveDown00009,960,3006,230,250
PrawnMoveDown00010,1200,3006,230,250
PrawnMoveDown00011,1440,3006,230,250
PrawnMoveForward00001,1680,3006,230,250
PrawnMoveForward00002,1920,3006,230,250
PrawnMoveForward00003,2160,3006,230,250
PrawnMoveForward00004,2400,3006,230,250
PrawnMoveForward00005,2640,3006,230,250
PrawnMoveForward00006,2880,3006,230,250
PrawnMoveForward00007,3210,0,230,250
PrawnMoveForward00008,3210,260,230,250
PrawnMoveForward00009,3210,520,230,250
PrawnMoveForward00010,3210,780,230,250
PrawnMoveForward00011,3210,1040,230,250
PrawnMoveIdle00001,310,2436,230,250
PrawnMoveIdle00002,550,2436,230,250
PrawnMoveIdle00003,790,2436,230,250
PrawnMoveIdle00004,1030,2436,230,250
PrawnMoveIdle00005,1270,2436,230,250
PrawnMoveIdle00006,1510,2436,230,250
PrawnMoveIdle00007,1750,2436,230,250
PrawnMoveIdle00008,1990,2436,230,250
PrawnMoveIdle00009,2230,2436,230,250
PrawnMoveIdle00010,2470,2436,230,250
PrawnMoveIdle00011,2710,2436,230,250
PrawnMoveUp00001,2950,2436,230,250
PrawnMoveUp00002,0,2746,230,250
PrawnMoveUp00003,240,2746,230,250
PrawnMoveUp00004,480,2746,230,250
PrawnMoveUp00005,720,2746,230,250
PrawnMoveUp00006,960,2746,230,250
PrawnMoveUp00007,1200,2746,230,250
PrawnMoveUp00008,1440,2746,230,250
PrawnMoveUp00009,1680,2746,230,250
PrawnMoveUp00010,1920,2746,230,250
PrawnMoveUp00011,2160,2746,230,250
crabIdle00001,2304,3703,182,167
crabIdle00002,2112,3703,182,167
crabIdle00003,1920,3703,182,167
crabIdle00004,1728,3703,182,167
crabIdle00005,1536,3703,182,167
crabIdle00006,1344,3703,182,167
crabIdle00007,1152,3703,182,167
crabIdle00008,3450,3120,182,167
crabIdle00009,768,3703,182,167
crabIdle00010,576,3703,182,167
crabIdle00011,384,3703,182,167
crabIdle00012,192,3703,182,167
crabIdle00013,0,3703,182,167
crabIdle00014,3456,3526,182,167
crabIdle00015,3264,3526,182,167
crabIdle00016,3072,3526,182,167
crabIdle00017,2880,3526,182,167
crabMove00001,2688,3526,182,167
crabMove00002,2496,3526,182,167
crabMove00003,2304,3526,182,167
crabMove00004,2112,3526,182,167
crabMove00005,1920,3526,182,167
crabMove00006,1728,3526,182,167
crabMove00007,1536,3526,182,167
crabMove00008,1344,3526,182,167
crabMove00009,1152,3526,182,167
crabMove00010,960,3526,182,167
crabMove00011,768,3526,182,167
crabMove00012,576,3526,182,167
crabMove00013,384,3526,182,167
crabMove00014,192,3526,182,167
crabMove00015,2496,3703,182,167
crabMove00016,0,3526,182,167
crabMove00017,960,3703,182,167
crabMove00018,3450,3297,182,167
PrawnGrab00001,1680,3266,230,250
PrawnGrab00002,1920,3266,230,250
PrawnGrab00003,2160,3266,230,250
PrawnGrab00004,2400,3266,230,250
PrawnGrab00005,2640,3266,230,250
PrawnGrab00006,2880,3266,230,250
PrawnGrab00007,3120,3266,230,250
PrawnGrab00008,3450,0,230,250
PrawnGrab00009,3450,260,230,250
PrawnGrab00010,3450,520,230,250
PrawnGrab00011,3450,780,230,250
PrawnGrabMove00001,3450,1040,230,250
PrawnGrabMove00002,3450,1300,230,250
PrawnGrabMove00003,3450,1560,230,250
PrawnGrabMove00004,3450,1820,230,250
PrawnGrabMove00005,3450,2080,230,250
PrawnGrabMove00006,3450,2340,230,250
PrawnGrabMove00007,3450,2600,230,250
PrawnGrabMove00008,3450,2860,230,250
PrawnGrabMove00009,1440,3266,230,250
PrawnGrabMove00010,1200,3266,230,250
PrawnUngrab00001,960,3266,230,250
PrawnUngrab00002,480,3266,230,250
PrawnUngrab00003,240,3266,230,250
PrawnUngrab00004,0,3266,230,250
PrawnUngrab00005,3210,2860,230,250
PrawnUngrab00006,3210,2600,230,250
PrawnUngrab00007,3210,2340,230,250
PrawnUngrab00008,3210,2080,230,250
PrawnUngrab00009,3210,1820,230,250
PrawnUngrab00010,3210,1560,230,250
PrawnUngrab00011,3210,1300,230,250
spongeCompress00001,0,1816,300,300
spongeCompress00002,2790,2126,300,300
spongeCompress00003,2480,2126,300,300
spongeCompress00004,2170,2126,300,300
spongeCompress00005,1860,2126,300,300
spongeCompress00006,1550,2126,300,300
spongeCompress00007,1240,2126,300,300
spongeCompress00008,930,2126,300,300
spongeCompress00009,620,2126,300,300
spongeCompress00010,310,2126,300,300
spongeCompress00011,0,2436,300,300
spongeExpand00001,2790,1816,300,300
spongeExpand00002,2480,1816,300,300
spongeExpand00003,2170,1816,300,300
spongeExpand00004,1860,1816,300,300
spongeExpand00005,1550,1816,300,300
spongeExpand00006,1240,1816,300,300
spongeExpand00007,930,1816,300,300
spongeExpand00008,620,1816,300,300
spongeExpand00009,310,1816,300,300
spongeExpand00010,0,2126,300,300
statueGlow00001,3690,0,108,200
statueGlow00002,3690,1680,108,200
statueGlow00003,3690,210,108,200
statueGlow00004,3690,420,108,200
statueGlow00005,3690,630,108,200
statueGlow00006,3690,840,108,200
statueGlow00007,3690,1050,108,200
statueGlow00008,3690,1260,108,200
statueGlow00009,3690,1470,108,200
statueGlow00010,3690,3360,108,200
statueGlow00011,3690,1890,108,200
statueGlow00012,3690,2100,108,200
statueGlow00013,3690,2310,108,200
statueGlow00014,3690,2520,108,200
statueGlow00015,3690,2730,108,200
statueGlow00016,3690,2940,108,200
statueGlow00017,3690,3150,108,200
offBackdrop,0,0,3200,1806