box,799,936,97,83
crabIdle00001,716,1383,182,167
crabMove00001,1327,870,182,167
extrawall3,0,0,947,545
extrawall4,0,1093,676,503
extrawall5,0,721,761,175
PrawnGrab00001,1327,0,230,250
PrawnGrabMove00001,987,1287,230,250
PrawnUngrab00001,716,1093,230,250
Sandy,0,936,759,117
Sandy2,0,585,762,96
SeaGrate,987,680,277,277
SeaVine3,1327,1317,69,194
spongeCompress00001,987,0,300,300
spongeExpand00001,987,340,300,300
statueGlow00001,1327,1077,108,200
Wall,1597,1274,91,300
PrawnMoveDown00001,1327,580,230,250
PrawnMoveForward00001,987,997,230,250
PrawnMoveUp00001,1327,290,230,250
SnakeLever,1597,938,96,296
extrawall6,1597,0,176,898